1,
2,
4,
7,
12,
33,
54,
88,
143,
232,
376,
609,
986,
1596,
2583,
4180,
6764,
10945,
17710,
28656,
46367,
75024,
121392,
196417,
317810,
514228,
832039,
1346268,
2178308,
3524577,
5702886,
9227464,
14930351,
24157816,
39088168,
63245985,
102334154,
165580140,
267914295,
433494436,
701408732,
1134903169,
1836311902,
2971215072,
4807526975,
1,
2,
4,
7,
12,
33,
54,
88,
143,
232,
376,
609,
986,
1596,
2583,
4180,
6764,
10945,
17710,
28656,
46367,
75024,
121392,
196417,
317810,
514228,
832039,
1346268,
2178308,
3524577,
5702886,
9227464,
14930351,
24157816,
39088168,
63245985,
102334154,
165580140,
267914295,
433494436,
701408732,
1134903169,
1836311902,
2971215072,
4807526975,
1,
2,
4,
7,
12,
33,
54,
88,
143,
232,
376,
609,
986,
1596,
2583,
4180,
6764,
10945,
17710,
28656,
46367,
75024,
121392,
196417,
317810,
514228,
832039,
1346268,
2178308,
3524577,
5702886,
9227464,
14930351,
24157816,
39088168,
63245985,
102334154,
165580140,
267914295,
433494436,
701408732,
1134903169,
1836311902,
2971215072,
4807526975,
1,
2,
4,
7,
12,
33,
54,
88,
143,
232,
376,
609,
986,
1596,
2583,
4180,
6764,
10945,
17710,
28656,
46367,
75024,
121392,
196417,
317810,
514228,
832039,
1346268,
2178308,
3524577,
5702886,
9227464,
14930351,
24157816,
39088168,
63245985,
102334154,
165580140,
267914295,
433494436,
701408732,
1134903169,
1836311902,
2971215072,
4807526975,
1,
2,
4,
7,
12,
33,
54,
88,
143,
232,
376,
609,
986,
1596,
2583,
4180,
6764,
10945,
17710,
28656,
46367,
75024,
121392,
196417,
317810,
514228,
832039,
1346268,
2178308,
3524577,
5702886,
9227464,
14930351,
24157816,
39088168,
63245985,
102334154,
165580140,
267914295,
433494436,
701408732,
1134903169,
1836311902,
2971215072,
4807526975,
1,
2,
4,
7,
12,
33,
54,
88,
143,
232,
376,
609,
986,
1596,
2583,
4180,
6764,
10945,
17710,
28656,
46367,
75024,
3577855662560905981638959513147239988861837901111,
196417,
317810,
514228,
832039,
1346268,
32423247527351544763402471792982538876233052554697128188128596,
3524577,
5702886,
9227464,
14930351,
24157816,
39088168,
63245985,
102334154,
165580140,
25681508899600997067167913917673267005781650175546286474198377544968911008983126671,
433494436,
701408732,
1134903169,
1836311902,
2971215072,
232730998245927705729166438267632598993081917705194582478883930194415186947590919908873666525328,
