 2,,
 7,,
 12,,
 4,,
 33,,
 54,,
 88,,
 143,,
 232,,
 376,,
 986,,
 609,,
 1596,,
 2583,,
 6764,,
 4180,,
 10945,,
 28656,,
 17710,,
 75024,,
 1,,
 46367,,
 121392,,
 196417,,
 317810,,
 514228,,
 4,,
 1,,
 7,,
 33,,
 2,,
 54,,
 12,,
 88,,
 143,,
 376,,
 232,,
 609,,
 1596,,
 986,,
 2583,,
 6764,,
 10945,,
 4180,,
 17710,,
 28656,,
 46367,,
 75024,,
 196417,,
 121392,,
 317810,,
 832039,,
 514228,,
 1346268,,
 2178308,,
 3524577,,
 5702886,,
 9227464,,
 14930351,,
 24157816,,
 39088168,,
 63245985,,
 102334154,,
 165580140,,
 267914295,,
 433494436,,
 701408732,,
 1,,
 2,,
 4,,
 7,,
 12,,
 33,,
 143,,
 88,,
 232,,
 609,,
 54,,
 986,,
 376,,
 1596,,
 6764,,
 2583,,
 10945,,
 4180,,
 28656,,
 17710,,
 46367,,
 75024,,
 121392,,
 196417,,
 317810,,
 514228,,
 832039,,
 1346268,,
 2178308,,
 3524577,,
 5702886,,
 9227464,,
 14930351,,
 24157816,,
 39088168,,
 63245985,,
 102334154,,
 165580140,,
 267914295,,
 433494436,,
 701408732,,
 1,,
 2,,
 7,,
 12,,
 4,,
 33,,
 88,,
 54,,
 143,,
 376,,
 232,,
 986,,
 609,,
 4180,,
 2583,,
 1596,,
 6764,,
 17710,,
 46367,,
 10945,,
 75024,,
 28656,,
 121392,,
 514228,,
 832039,,
 1346268,,
 2178308,,
 317810,,
 196417,,
 3524577,,
 5702886,,
 9227464,,
 14930351,,
 24157816,,
 39088168,,
 63245985,,
 102334154,,
 165580140,,
 267914295,,
 433494436,,
 701408732,,
 4,,
 7,,
 12,,
 33,,
 54,,
 88,,
 143,,
 232,,
 376,,
 609,,
 986,,
 1596,,
 2583,,
 4180,,
 6764,,
 10945,,
 17710,,
 28656,,
 46367,,
 75024,,
 121392,,
 196417,,
 317810,,
 514228,,
 1,,
 2,,
 832039,,
 1346268,,
 2178308,,
 3524577,,
 5702886,,
 9227464,,
 14930351,,
 24157816,,
 39088168,,
 63245985,,
 102334154,,
 165580140,,
 267914295,,
 433494436,,
 701408732,,
 1134903169,,
 1836311902,,
 -1323752224,,
 512559679,,
 4,,
 1,,
 2,,
 7,,
 12,,
 33,,
 54,,
 88,,
 143,,
 232,,
 376,,
 609,,
 1596,,
 986,,
 2583,,
 4180,,
 6764,,
 17710,,
 10945,,
 28656,,
 46367,,
 121392,,
 75024,,
 514228,,
 317810,,
 196417,,
 832039,,
 1346268,,
 2178308,,
 3524577,,
 5702886,,
 9227464,,
 14930351,,
 24157816,,
 39088168,,
 63245985,,
 165580140,,
 102334154,,
 267914295,,
 433494436,,
 701408732,,
 1134903169,,
 2971215072,,
 1836311902,,
 4807526975,,
 4,,
 1,,
 2,,
 7,,
 33,,
 12,,
 88,,
 54,,
 143,,
 609,,
 986,,
 232,,
 1596,,
 2583,,
 4180,,
 376,,
 6764,,
 10945,,
 28656,,
 46367,,
 75024,,
 121392,,
 196417,,
 317810,,
 17710,,
 832039,,
 514228,,
 2178308,,
 1346268,,
 5702886,,
 9227464,,
 3524577,,
 24157816,,
 14930351,,
 63245985,,
 39088168,,
 102334154,,
 165580140,,
 267914295,,
 433494436,,
 701408732,,
 1134903169,,
 2971215072,,
 1836311902,,
 4807526975,,
